88,36
88,35
34,4
44,1
44,3
38,3
38,1
38,4
34,1
34,3
29,3
0,525
0,273
0,270
26,1
26,3
27,1
27,3
3,2
3,1
3,3
10,7
10,23
10,30
10,180
10,70
10,125
10,81
10,1
10,287
10,2
10,3
11,29
11,4
11,17
11,5
11,6
11,22
11,1
11,13
11,2
11,3
9,7
9,4
9,1
9,6
9,2
9,3
8,12
8,11
8,16
8,14
8,9
8,4
8,1
8,8
8,2
8,3
0,475
12,2
12,1
12,3
20,2
20,1
20,3
19,2
19,1
19,3
18,1
18,3
14,3
13,1
13,3
2,2
2,1
87,3
87,2
87,1
87,0
85,3
85,2
85,1
85,0
83,3
83,2
83,1
83,0
81,4
81,3
81,2
81,1
81,0
79,4
79,3
79,2
79,1
79,0
77,4
77,3
77,2
77,1
77,0
75,4
75,3
75,2
75,1
75,0
73,4
73,3
73,2
73,1
73,0
71,3
71,2
71,1
71,0
69,3
69,2
69,1
69,0
68,5
68,4
68,3
68,2
68,1
68,0
66,4
66,3
66,2
